100
0 1 7
0 16 5
0 52 4
0 63 2
0 76 2
0 77 2
0 78 5
0 80 2
0 86 1
0 98 7
1 7 4
1 20 1
1 44 5
1 75 3
1 79 3
1 82 4
1 85 10
1 88 10
2 7 8
2 10 4
2 17 1
2 30 6
2 34 10
2 45 2
2 52 8
2 53 10
2 71 6
2 74 8
2 80 3
2 86 5
3 5 9
3 12 4
3 17 9
3 44 2
3 47 10
3 49 6
3 59 7
3 60 1
3 84 10
3 91 6
4 6 2
4 16 5
4 22 10
4 30 8
4 31 6
4 41 9
4 67 10
4 73 2
5 28 4
5 58 10
5 61 1
5 84 1
5 93 6
6 8 4
6 19 2
6 23 6
6 24 4
6 35 7
6 39 8
7 11 4
7 13 4
7 17 6
7 18 7
7 41 9
7 54 10
7 56 9
7 58 4
7 61 5
7 76 1
7 87 7
7 96 3
8 15 9
8 21 5
8 31 10
8 36 8
8 56 4
8 57 10
8 62 4
8 69 1
8 78 5
8 80 1
8 82 2
8 84 7
8 91 10
9 18 4
9 21 8
9 37 4
9 51 7
9 88 9
9 90 4
10 18 9
10 40 7
10 50 9
10 58 3
10 72 10
10 80 2
10 84 5
11 13 3
11 15 10
11 18 6
11 22 1
11 50 10
11 58 3
11 60 1
11 64 3
11 69 9
11 75 2
11 86 3
11 97 9
12 22 7
12 30 1
12 51 5
12 55 3
12 58 6
13 18 9
13 28 9
13 30 10
13 37 10
13 42 3
13 44 1
13 94 5
14 46 7
14 60 2
14 63 6
14 78 7
14 87 2
14 92 4
14 95 8
15 17 2
15 30 5
15 42 7
15 47 7
15 56 9
15 76 8
15 83 8
15 86 3
15 89 6
15 99 10
16 17 4
16 20 4
16 23 6
16 26 4
16 27 6
16 39 1
16 40 6
16 55 9
16 65 10
16 77 1
17 34 3
17 36 2
17 49 7
17 51 3
17 83 7
18 23 2
18 24 9
18 31 7
18 32 10
18 50 4
18 65 6
18 74 1
18 77 1
18 85 5
18 87 9
18 90 4
19 35 4
19 39 5
19 51 7
19 55 8
19 62 10
19 71 8
19 75 4
19 76 8
19 78 6
19 81 10
20 29 7
20 31 5
20 42 6
20 56 6
20 64 8
20 65 1
20 74 9
20 97 8
20 99 6
21 36 5
21 54 6
21 65 9
21 76 5
21 81 5
22 28 1
22 32 1
22 37 1
22 43 5
22 88 7
22 89 7
22 90 7
22 98 7
23 30 1
23 43 10
23 65 3
23 69 3
23 90 6
23 96 7
23 98 9
24 31 8
24 35 2
24 42 6
24 56 3
24 66 2
24 80 1
24 97 9
25 31 4
25 59 7
25 75 5
25 92 2
25 96 2
25 97 9
26 27 10
26 31 10
26 63 9
26 65 10
26 72 5
27 35 7
27 36 8
27 37 1
27 64 2
27 70 2
27 75 9
27 77 4
27 84 8
27 91 5
28 46 3
28 81 5
28 84 1
28 85 8
29 35 10
29 80 10
30 37 9
30 42 2
30 53 7
30 65 5
30 92 5
30 95 8
31 41 5
31 47 6
31 62 10
31 65 3
31 68 9
31 88 7
31 92 8
32 33 7
32 38 9
32 48 5
32 80 9
32 81 1
32 96 1
32 97 3
33 41 3
33 42 10
33 62 6
33 65 8
33 81 8
33 97 3
34 57 5
34 58 7
34 61 6
34 65 5
34 67 10
35 62 4
35 72 1
35 73 10
35 86 5
36 44 7
36 51 5
36 59 6
36 69 3
36 72 8
36 73 8
36 77 5
36 84 6
36 85 9
36 89 10
36 99 5
37 43 2
37 53 5
37 54 2
37 68 6
37 70 4
37 89 6
37 93 9
38 47 3
38 55 6
38 60 7
38 69 10
38 71 1
38 75 3
38 77 2
38 82 10
38 90 2
39 52 3
39 56 10
39 64 1
39 69 5
39 93 9
40 42 8
40 60 4
40 65 10
40 68 1
40 72 4
40 77 4
40 84 3
41 48 3
41 52 6
41 55 3
41 70 7
41 79 4
41 89 8
42 46 2
42 53 8
42 57 7
42 81 3
43 49 2
43 69 9
43 89 5
44 69 4
44 82 7
44 83 3
44 85 4
44 88 1
44 90 7
45 46 3
45 50 6
45 75 4
45 98 1
46 61 3
46 85 1
46 87 4
46 88 1
47 48 2
47 54 3
47 73 1
47 75 9
48 79 4
48 86 6
48 91 3
49 58 10
49 61 2
49 67 9
49 69 8
49 75 7
49 80 7
49 81 5
49 87 3
49 94 6
50 66 6
50 80 1
50 81 2
50 84 5
50 88 6
51 54 5
51 63 9
51 71 3
51 77 1
51 79 4
52 68 8
52 71 9
52 90 7
52 98 1
53 67 2
53 82 4
53 84 9
53 89 5
53 96 9
54 62 6
54 63 2
54 70 3
54 80 4
54 82 3
55 74 3
55 75 8
55 79 6
55 81 9
55 82 10
55 86 1
56 70 6
56 79 6
56 86 2
56 89 5
56 91 5
56 92 8
57 65 9
57 68 4
57 76 10
57 79 10
57 81 10
57 87 8
57 97 9
58 60 1
58 62 5
58 72 8
58 75 10
58 77 4
58 78 3
58 87 3
58 95 3
59 67 2
59 68 8
59 88 8
60 74 9
60 78 4
60 91 4
61 66 5
61 68 5
61 75 7
61 81 2
61 88 3
61 98 9
62 63 5
62 69 9
62 95 2
62 96 9
63 64 8
63 75 10
63 88 4
63 94 2
64 80 2
64 88 4
64 97 1
65 67 6
65 69 8
65 76 5
65 77 1
65 86 1
67 77 7
68 74 7
69 72 8
69 83 1
69 86 2
69 90 10
69 95 4
69 96 5
70 79 3
70 96 1
71 74 1
71 77 8
71 95 1
71 99 5
72 75 10
72 91 1
72 95 6
73 80 6
73 92 3
75 85 1
75 97 2
76 94 10
77 83 4
77 89 9
77 92 7
77 97 4
78 79 6
78 83 8
78 84 2
79 91 5
79 92 3
81 85 2
81 92 3
83 84 3
84 87 6
84 97 1
85 92 1
85 94 7
85 95 6
85 98 9
87 90 2
87 98 5
89 93 3
89 94 8
89 98 8
91 93 3
91 95 5
94 96 2
