100
0 4 3
0 9 1
0 16 4
0 23 -8
0 24 -5
0 34 10
0 47 -8
0 56 -5
0 65 -5
0 83 -1
0 94 -5
1 4 -1
1 33 -1
1 43 -1
1 56 -5
1 63 1
1 66 2
1 76 -8
1 84 -2
1 88 4
2 6 -7
2 14 -8
2 27 7
2 44 -10
2 57 7
2 72 -7
2 91 -1
2 94 10
3 9 -10
3 15 5
3 27 10
3 29 5
3 41 6
3 42 -8
3 46 10
3 62 -9
3 72 -8
3 77 -10
3 87 -6
4 25 2
4 29 1
4 41 1
4 45 7
4 48 2
4 51 -1
4 55 -10
4 56 7
4 66 6
4 70 10
4 71 5
4 75 -1
5 29 -7
5 37 -9
5 51 4
5 54 4
5 56 7
5 58 4
5 59 8
5 63 -10
5 64 10
5 83 2
5 84 -3
5 93 3
6 8 -6
6 18 7
6 32 -4
6 48 2
6 49 -9
6 52 9
6 86 -5
7 12 -3
7 36 4
7 41 2
7 44 3
7 49 -2
7 53 3
7 61 -1
7 73 -5
7 79 -5
8 9 9
8 10 -1
8 26 10
8 33 -5
8 40 -10
8 46 -5
8 47 6
8 49 10
8 51 -5
8 52 10
8 70 -1
8 71 -4
8 90 -9
8 93 7
9 57 2
9 62 -7
9 65 -7
9 72 -7
9 73 4
9 81 -1
9 85 -10
9 98 -3
10 14 -9
10 64 6
10 65 7
10 70 2
10 80 6
10 96 -8
11 14 -7
11 32 8
11 41 -4
11 42 2
11 46 -7
11 47 5
11 48 -7
11 54 7
11 62 -7
11 65 3
11 85 -6
11 95 10
12 22 9
12 40 7
12 58 -1
12 61 -3
12 67 -10
12 72 9
12 74 2
12 98 3
13 18 -3
13 19 -10
13 23 1
13 40 -4
13 66 9
13 79 -4
13 93 -7
13 95 8
14 20 10
14 35 8
14 66 4
15 18 4
15 21 10
15 32 2
15 40 -5
15 50 -10
15 51 4
15 59 -6
15 83 2
15 87 6
15 94 -6
15 95 9
16 32 -1
16 34 -7
16 48 3
16 52 -1
17 22 -10
17 31 -2
17 48 -2
17 52 4
17 59 -5
17 65 -1
17 74 8
17 90 -5
17 92 -5
17 93 -1
18 19 10
18 28 -7
18 33 5
18 48 -1
18 54 -1
18 62 3
18 69 9
18 71 -10
18 83 6
18 87 1
18 90 9
19 35 -4
19 38 -1
19 39 -2
19 57 -7
19 68 10
19 74 -3
19 76 1
19 79 7
19 85 10
19 86 4
19 88 2
20 38 -7
20 54 -4
20 58 -2
20 59 2
20 64 10
21 35 7
21 42 9
21 48 -2
21 76 7
21 87 1
21 90 -2
22 31 3
22 37 -4
22 60 9
22 80 1
22 89 1
22 90 6
23 26 6
23 36 -6
23 45 -2
23 76 7
23 87 8
24 28 -4
24 31 -8
24 33 -9
24 49 -2
24 53 -9
24 76 1
24 82 4
24 84 -5
24 91 7
24 94 -6
24 97 -2
24 99 7
25 27 4
25 38 5
25 40 4
25 44 -2
25 46 -4
25 47 -3
25 55 -4
26 60 -9
26 63 -6
26 78 6
26 83 1
26 98 -1
27 30 -7
27 55 -4
27 64 6
27 84 -8
27 87 -10
27 93 4
27 97 8
28 29 -9
28 48 2
28 53 -6
28 67 10
28 79 -4
28 80 3
28 85 3
28 87 -8
28 94 -5
29 31 -3
29 32 7
29 34 10
29 36 -2
29 44 -8
29 56 -3
29 57 10
29 66 -2
29 68 3
29 84 -5
29 92 -4
29 98 10
30 43 -7
30 52 7
30 58 -6
30 61 9
30 71 -2
30 75 5
30 93 -1
31 35 -3
31 40 10
31 44 3
31 59 -7
31 60 7
31 61 5
31 70 2
31 80 7
32 34 7
32 43 10
32 54 7
32 74 -10
32 75 9
32 80 6
33 82 5
33 87 3
33 95 10
33 98 10
34 36 10
34 42 -10
34 46 -5
34 56 6
34 60 -10
34 61 -8
34 73 6
34 79 -6
35 43 6
35 45 3
35 49 6
35 54 5
35 58 8
35 61 1
35 65 -10
35 99 -9
36 43 -10
36 47 -3
36 59 -2
36 67 7
36 79 -1
36 85 9
36 86 -7
36 91 5
36 95 -3
37 40 -3
37 46 1
37 48 -3
37 51 -5
37 76 7
37 89 -7
38 47 -6
38 48 -6
38 55 -6
38 85 10
39 51 8
39 59 -3
39 64 5
39 70 9
39 72 -2
39 82 10
39 91 -1
39 97 9
40 41 -4
40 43 -1
40 65 6
40 90 -5
41 46 9
41 77 3
41 87 6
42 43 4
42 95 -7
44 60 -2
44 65 -8
44 70 6
44 75 -5
44 98 1
45 66 -4
45 69 9
46 52 -9
46 59 -3
46 61 -6
46 87 1
46 94 -9
46 95 8
46 97 6
47 55 -3
47 58 7
47 59 -6
47 79 6
47 89 7
47 99 -5
48 51 6
48 78 -6
48 83 5
48 91 4
48 93 10
48 94 9
49 54 -6
49 55 2
49 60 -1
49 63 7
49 80 -2
49 85 -5
49 92 3
49 96 5
50 54 8
50 56 3
50 81 -1
50 91 6
50 96 1
50 98 -7
51 73 6
51 80 -7
51 82 -8
51 93 -8
51 97 -9
52 66 -3
52 78 4
52 87 -7
52 95 7
52 99 -8
53 69 -4
53 73 3
53 89 -9
53 92 -7
53 95 -5
54 67 -1
54 71 -6
54 79 -10
54 86 -2
55 61 10
55 74 3
55 88 -8
55 91 -8
56 59 5
56 72 -4
56 73 -9
56 99 -3
57 60 -3
57 72 9
57 94 2
58 92 -8
58 95 -10
58 99 3
59 67 -8
59 68 -8
59 81 7
59 83 10
59 96 6
60 65 8
60 66 -3
60 70 -9
60 74 -6
60 84 -6
60 91 4
61 80 9
62 67 -9
62 68 -6
62 76 7
62 78 3
62 82 -7
63 66 9
63 95 7
64 66 -5
64 70 -3
64 90 -3
65 94 -2
65 95 -9
66 74 8
66 86 6
67 79 7
67 81 -8
67 94 4
68 74 9
68 78 7
68 80 -5
68 86 7
68 87 -4
69 72 5
69 99 -1
70 92 -5
71 79 4
71 83 -8
71 85 -3
71 96 2
72 78 4
72 85 1
72 90 8
73 97 3
74 85 10
74 92 -5
74 93 -9
75 76 -4
75 81 -1
75 89 4
76 86 -10
76 96 -8
78 91 4
78 99 2
79 92 1
80 91 -8
81 83 -2
81 85 1
81 96 2
81 98 -3
81 99 -9
82 87 2
82 95 -7
83 90 -1
84 90 -5
84 91 4
84 92 4
84 93 -8
84 95 7
86 93 9
86 97 8
88 99 -9
90 91 -4
90 97 4
92 94 -5
92 95 -6
